16 16 16 1024
103 65 -66 34 -5 -37 -16 -55 36 64 91 -106 -12 -73 19 -39
-9 -16 -46 30 -33 -20 -15 5 106 71 -62 76 -63 -16 125 -106
12 -53 -74 86 -55 -22 84 89 -114 10 -20 -49 108 -114 -36 61
-85 -121 69 5 -42 92 -109 72 57 66 52 -92 62 55 -45 57
105 -32 108 15 -33 -52 -128 103 97 101 2 -104 26 -34 -44 24
-99 -115 -113 -27 -47 -27 -10 13 -28 -49 -6 69 17 -78 -14 -121
9 118 -113 -96 22 122 8 -28 -39 -50 2 -11 35 1 72 6
40 -16 -70 -114 -35 -49 -114 -20 -70 -75 0 74 -23 36 -76 4
-59 35 51 -121 -16 10 -30 -54 90 16 24 -59 81 -16 12 -105
-48 -119 78 -53 41 102 -71 77 -64 69 84 59 14 122 37 94
-72 -100 -96 56 -57 -108 119 15 -107 42 18 -71 -37 24 -10 -29
-30 25 46 49 -98 81 23 -113 -101 -127 29 -19 28 -108 69 7
-59 -116 -117 -105 90 8 35 17 51 93 -76 -44 -62 -95 74 55
-90 21 15 9 -127 8 -28 -6 -32 43 4 50 72 -17 -82 -41
-12 -109 109 26 98 -114 -120 113 -127 77 -44 126 106 -97 0 -11
-114 -90 -125 15 54 -69 123 7 74 -30 54 13 -93 121 94 -49
95 23 -75 94 -26 54 111 17 19 -99 -65 -46 -55 -44 35 107
2 109 3 -122 -73 43 2 33 -54 -32 -41 21 64 -111 29 50
-120 -103 -99 -95 -91 -43 126 40 74 -103 -52 15 54 124 112 110
-19 73 80 -125 62 -107 116 -74 59 -23 115 -48 -36 -91 57 120
25 -128 -101 -49 -13 -27 55 126 -71 35 -106 91 26 109 41 91
-11 -106 -4 -40 32 96 -72 -46 72 63 -21 4 107 87 -60 -6
29 -96 76 64 3 -72 -127 40 -80 5 73 18 51 102 77 46
50 -106 5 -8 53 54 -59 71 20 22 -114 118 15 -13 16 -72
82 85 -83 93 124 93 -127 51 89 62 -41 -119 127 74 24 -20
78 -64 -50 -6 -92 15 -103 -15 56 -13 -42 102 -94 -40 -1 -13
-9 38 33 20 -24 124 10 5 -95 -60 -63 16 -70 -47 41 120
8 -119 -108 62 21 -19 84 13 -29 6 71 105 -25 -127 117 61
26 -71 88 -24 120 79 44 119 9 -42 54 -72 -91 96 -93 -2
-73 100 -115 68 -80 -114 55 72 108 54 96 -38 -68 -90 92 -76
97 -3 -35 -19 -82 -60 100 -112 119 -108 -99 51 -38 89 -123 -116
117 -2 125 -128 7 -109 -16 -91 -83 -54 8 15 -109 -43 42 -99
