16 128 16 256
-69 -123 -6 -51 -38 -15 -60 -126 -36 16 -19 -86 51 -6 -72 -69 45 12 22 127 33 83 -89 27 -24 36 27 21 -37 -115 17 -52 59 -88 31 -67 -3 4 41 118 -74 95 -66 13 40 -49 -1 124 -109 38 -113 -98 28 -118 -123 80 73 82 -97 -123 58 37 -8 -17 111 -87 86 -123 -104 -125 108 -70 111 67 121 20 70 -12 91 105 80 -64 100 35 -43 -2 -84 42 26 -46 -51 -2 15 -9 24 -123 -20 -73 -105 -21 104 -97 -21 25 108 -26 -28 57 5 105 83 54 112 118 -115 -50 0 -3 4 -67 -61 -125 -45 4 113 116 -71 127
-29 -39 -80 120 -92 -13 98 -128 -30 -77 -8 24 57 -4 -3 -96 29 65 30 50 -27 -75 -97 106 29 -50 106 -109 -99 -22 82 72 -8 -63 -109 61 65 -37 12 84 101 17 117 78 97 -6 -90 -105 -34 61 0 120 53 28 -30 4 3 95 11 -109 66 37 83 81 120 -115 119 -35 -73 -41 54 63 -25 124 -99 -120 -17 -37 -94 32 22 26 31 -98 65 64 5 92 -117 -78 -31 -9 34 115 25 80 -42 -65 41 -73 -67 85 -96 -77 36 104 -51 97 -87 -16 66 -119 -103 -2 51 -72 -126 116 79 -76 76 -43 -61 58 -119 -85 79 -80
114 -50 121 -88 -126 92 28 -82 -71 -100 0 -89 -116 -36 -78 89 92 -73 106 -39 43 -50 82 6 -51 98 55 -1 48 -100 104 31 -53 97 -31 108 -86 1 32 -123 -75 -121 -51 98 -6 66 -91 -106 36 45 -57 87 9 63 67 79 40 29 12 28 -11 106 -121 -104 -74 26 -48 109 20 -97 46 19 61 -70 -12 93 48 -85 75 -80 -61 25 -75 59 -65 -25 53 81 101 -55 76 124 19 90 -12 57 118 21 52 41 -123 96 -102 -127 -10 12 -96 -14 62 50 -40 112 -13 -91 -123 -83 -96 -125 117 19 85 117 57 40 33 -17 41 123
-18 -89 43 -18 -119 114 98 7 -19 -97 -11 -60 -73 -25 94 86 94 -83 -126 93 31 -83 110 -74 62 46 -2 -3 84 61 -40 26 -48 -94 -60 -117 -110 -22 88 31 49 -113 37 -45 -52 40 -107 -34 -31 110 108 -54 -59 0 67 41 86 -38 109 79 -2 -85 -27 2 16 33 103 19 -76 99 -105 97 -94 -59 -39 98 49 -65 -58 92 -30 64 77 103 -84 -49 -103 11 -111 98 66 -23 -68 -70 -54 102 80 -99 80 17 -15 -65 23 98 -22 -72 32 -69 5 2 125 -47 -5 -108 -91 -114 111 -59 -106 -89 48 -60 -35 10 -74 110 1 114
0 30 3 106 43 -92 -91 126 -21 -117 -52 84 65 -91 -67 -62 31 -31 0 -38 87 33 -108 61 -36 -8 41 -86 -7 -104 54 -122 -121 -64 100 73 -15 33 -10 -98 -23 45 22 -63 -49 24 -84 -113 124 -73 98 -11 -10 46 -113 -5 -128 -72 62 -70 -55 -43 111 63 126 -109 111 42 14 -15 -81 52 -29 -4 -33 -11 37 42 -110 -29 -34 -91 -28 -42 72 121 76 117 110 46 -116 42 -81 12 -72 -93 -34 -52 -11 22 -64 -37 -66 46 32 -63 -100 -25 -63 -25 -65 -121 52 26 114 94 37 28 32 28 -58 -40 100 -52 -114 63 -19 44
-66 76 -109 76 58 48 68 27 122 12 -51 -42 107 -22 82 30 -57 48 -112 -28 -92 -47 33 -24 -28 53 -41 40 94 -30 45 -97 -51 -105 102 -77 76 24 -5 10 -41 69 117 -89 13 -81 -9 -72 -92 4 94 9 -73 -116 -94 -95 -40 -1 34 -42 -115 41 84 -12 -63 -61 -78 7 13 64 20 125 96 -106 121 -4 -26 45 45 -98 -6 127 33 75 49 86 115 41 121 117 -5 41 95 21 5 -50 30 -115 69 -13 3 -68 -66 -12 0 72 -15 -44 104 70 -74 14 -87 -79 111 97 69 81 -14 -117 -23 -110 91 -73 -14 83 11 95
-61 72 120 -70 65 108 -68 15 -27 -24 -15 -44 105 6 67 -121 47 -126 -7 -68 -92 61 102 -49 92 -97 16 117 18 -24 -49 52 72 12 113 -119 -107 -73 -109 -109 -71 24 57 -82 97 118 -31 52 43 114 122 -18 126 25 -10 53 95 77 7 -90 27 -38 66 75 22 -51 14 -1 93 26 97 50 -50 -34 -120 -69 -2 40 -58 -21 25 113 79 3 -92 -52 54 -32 -117 -98 -25 94 14 -53 -103 116 53 59 4 -99 58 -75 -31 123 93 -5 -73 39 84 60 -69 -78 -68 -105 -104 110 20 11 -73 73 122 -111 -108 123 -76 81 42 -29
81 -126 21 43 66 104 -112 76 24 -96 -8 -48 -41 32 125 96 72 -72 -18 -42 -45 -127 -54 95 -91 38 19 118 -84 15 -123 104 -7 -102 65 -46 -115 123 -17 64 -26 86 111 32 -59 -11 71 66 -126 -52 51 -122 50 -11 -52 -74 -116 -5 -45 -80 -42 -65 51 -96 78 59 59 48 46 18 -15 29 30 -105 -60 38 27 75 -36 23 88 46 -56 -125 121 69 11 -21 26 -119 27 -125 106 61 -60 23 -84 -128 -16 -111 92 29 107 -122 -120 -111 52 16 115 59 -111 -49 -62 100 -58 -5 84 91 -118 87 -101 1 -117 -33 -49 -100 -48 34
-26 -104 -91 -103 80 -45 -61 -12 -97 64 97 0 -112 -85 -96 47 -56 -53 87 -86 120 102 17 49 -85 45 -79 58 -61 66 64 -73 -70 32 -6 -127 41 -6 -50 80 8 84 -8 66 -10 -1 -24 -127 7 -82 -77 -95 -112 59 -87 59 -107 108 -69 -78 59 -69 0 -118 85 81 -93 -37 75 -14 -123 35 -124 -16 -79 74 -66 -17 -114 -94 64 -119 84 72 118 66 -9 -56 16 -37 10 43 50 11 -49 121 88 -36 74 -114 -125 59 3 -51 120 -52 -121 -107 -88 -83 120 51 83 48 122 -37 -119 -112 -21 1 -106 124 -90 42 -17 99 68 -92
-106 76 19 -86 -14 9 108 15 -44 -68 65 -91 -95 19 -70 -27 -51 -70 -98 98 -100 31 -8 1 5 -92 -126 -21 89 105 -10 48 61 -93 84 -86 -68 29 -65 106 67 -61 103 91 0 -115 -2 54 1 116 -33 35 108 -1 111 -27 -107 8 -108 -49 107 -1 -75 -103 -104 121 -91 18 -11 18 -27 -29 61 -93 67 -33 -14 -110 -27 -33 -121 -35 109 122 84 65 -78 79 -63 -46 -102 10 122 27 121 -128 -114 -124 -25 -17 -55 38 6 106 -6 39 -109 -49 -42 122 -51 -49 68 48 -70 82 -110 -20 118 22 -57 80 53 51 -41 -102 -115 -109
117 -8 -52 47 -54 -67 117 22 12 55 -20 47 28 -10 -26 27 118 -121 -116 31 -25 75 -65 87 84 15 99 9 -20 7 33 73 -123 -36 59 15 -81 -88 27 104 -72 -64 7 -115 113 51 35 58 52 -108 90 -128 89 -33 -8 54 81 30 23 -46 -93 21 -26 73 93 116 -116 -110 -67 -112 -121 82 -45 -60 -104 126 -30 109 -77 112 46 -82 0 107 -119 -42 115 120 -24 -63 -20 72 60 23 118 5 51 -69 -21 63 -18 45 -34 -10 -38 79 -83 99 125 -74 -9 -122 88 -106 30 41 97 50 -92 -69 -85 72 107 -1 74 6 52 -25
-128 46 113 -96 -67 126 -69 -94 -36 -108 -72 -49 42 -65 -107 29 -127 -23 -68 -35 -120 -48 63 57 38 67 -109 -32 -13 94 -45 -88 105 91 5 27 -95 -31 -101 -115 -100 -112 63 90 -114 46 58 120 -10 16 -109 93 48 -9 -19 -35 47 -34 94 32 -74 69 -20 20 -71 96 -87 -23 66 -114 9 -18 99 98 -67 3 82 19 117 92 90 55 92 -3 70 125 37 41 44 0 -13 -63 -66 -19 51 -44 51 -7 54 -77 -18 5 54 -69 124 -78 36 -21 -102 74 -25 96 -79 41 42 -60 19 -91 4 55 81 -40 81 45 54 -87 -38 71
-20 88 -71 93 124 69 -67 42 15 73 -116 2 -126 89 -31 91 40 -20 -69 -71 50 -97 66 119 55 38 57 101 81 109 65 3 -8 82 -2 36 -6 52 36 -115 95 69 97 16 -87 112 121 -46 -76 105 37 -5 105 74 -87 -3 -36 68 19 38 -101 -110 97 94 -96 70 -86 120 -9 -48 106 -23 73 -88 99 2 41 -109 -122 83 -68 35 121 -100 -27 -109 -49 122 50 5 58 -51 51 -80 -87 -73 10 38 -27 94 52 68 -41 -91 116 119 43 -106 67 34 -77 64 -47 117 121 111 -76 -26 -20 78 -63 -74 100 81 86 -38 91 -101
-106 -121 -31 100 117 -85 48 29 -86 -97 19 33 44 -50 -33 -12 -110 -78 14 -30 -96 87 -11 -43 97 -40 -73 76 42 107 75 29 -108 -47 63 -118 13 -71 -52 -120 -122 62 37 92 -79 -60 -39 63 10 23 -117 -95 -1 53 -36 -47 64 -106 97 88 42 82 3 91 118 -26 -98 -41 74 53 90 -24 56 -105 -85 16 97 41 96 50 -120 111 -104 -55 124 0 -21 10 73 19 -73 -17 -69 -124 -18 84 -31 -40 64 -15 121 90 72 118 -59 82 -6 64 97 -27 114 -81 121 -51 54 119 -91 -32 -60 83 35 79 -124 -66 2 -121 73 14
-107 -103 -117 40 -123 -117 97 -120 106 2 -47 -23 -106 18 39 -62 36 -33 104 -23 -118 3 9 67 -90 -78 -112 -52 -42 -61 96 -124 9 -108 8 67 24 72 -66 3 -8 68 17 48 -96 122 10 -8 -2 -64 13 115 25 126 108 -109 -24 99 119 -45 54 -92 30 -8 -16 -37 -64 31 -44 111 5 -93 77 53 -28 -64 65 -120 -105 87 -75 -122 -100 86 -123 76 -112 127 -65 -94 -69 58 -8 41 81 19 -87 -38 -23 -84 -41 -92 -20 -11 40 -74 88 -82 -86 50 117 -12 -45 -35 -114 66 -66 -79 -27 40 10 -15 -20 1 116 108 36 -9
-107 -47 -46 -28 -36 -10 -29 30 -113 -20 75 -88 73 34 -81 -47 -17 84 73 -48 -64 47 -80 -35 -104 64 61 19 -117 -48 -72 -43 38 77 70 27 -79 66 -102 -4 -108 -91 -20 123 -63 -76 101 -27 -78 -99 7 -63 -11 121 -65 -40 -52 -105 29 106 102 12 -122 -46 30 -33 46 1 108 -41 41 17 -48 -14 -19 -51 -32 34 -37 32 -22 39 56 -111 -54 97 83 84 98 -38 -50 -16 -110 -101 65 64 18 -92 -14 -1 114 -61 33 -121 -83 56 -113 102 -25 -26 106 -31 19 -32 -8 110 -39 -104 -15 -101 -51 44 69 75 78 -108 96 18
0 120 62 115 60 -87 -50 -10 24 -122 -127 104 -60 10 -21 -108
43 -98 24 -16 51 61 7 -30 27 109 22 -68 79 -14 -77 58
108 42 -72 69 -63 -122 76 -12 85 127 -57 -46 94 88 -40 25
-109 68 19 -28 28 105 120 115 114 -126 -107 -66 78 -70 -65 -124
-79 46 15 -2 -63 63 -105 -89 -28 -92 48 -70 -39 82 97 -34
9 -72 92 65 69 100 -53 111 59 -20 -62 46 -29 20 2 5
33 -44 -16 -97 7 73 105 -56 19 -27 -50 68 121 -114 100 -46
-111 70 -68 -28 -39 78 -61 -42 118 84 13 125 -92 2 -3 59
-82 8 -14 8 0 -76 -43 70 87 122 -1 72 38 90 110 -38
34 -43 -34 30 37 57 49 106 124 103 -59 -76 64 -97 78 74
-58 125 -2 81 10 -93 88 62 -93 -36 -123 -96 -77 11 -43 39
11 -12 22 -21 -107 124 72 93 -104 26 36 42 -105 42 -119 -106
-45 -39 22 66 -123 -85 -105 -92 64 -90 104 -59 82 0 -90 -31
56 -89 23 109 -37 103 -18 -17 -9 -26 -16 -117 -114 31 114 -36
-18 26 -13 89 125 30 109 -38 -55 59 -20 115 26 124 -128 -82
108 32 35 3 -117 -119 20 -43 -125 7 -100 -114 -47 31 58 64
-107 97 93 -119 102 -107 -66 -35 -97 -57 -122 -123 -118 51 -11 -5
-107 -74 104 -38 -39 -65 77 -106 4 84 -27 93 2 -94 95 20
116 -73 -39 -27 106 -91 0 -46 -86 31 -95 -113 61 -29 81 7
5 -36 51 -64 47 86 114 -75 -80 103 69 -117 -88 -110 -11 28
-124 51 100 -28 -23 125 26 -99 -126 104 121 100 -44 21 101 -3
17 100 -20 -63 21 15 125 -67 66 -120 73 -83 80 -61 5 -79
72 -83 -101 -32 -33 -36 -27 -86 -11 -42 -37 -76 83 -97 -120 -11
49 61 92 27 -85 -70 66 -37 71 -108 116 69 108 102 17 3
18 -59 39 48 -22 121 112 11 -11 12 5 -41 62 -87 92 -14
-126 -103 112 50 -81 16 -98 -65 73 -10 -6 -43 -126 30 -67 51
-66 22 -108 -35 17 -87 -89 110 61 -128 -96 -33 -59 19 14 -108
-56 -17 103 -46 -100 44 127 71 99 106 -112 -23 116 57 -112 -43
-77 -32 -89 98 80 107 -115 52 72 65 112 21 108 -19 -42 38
113 -5 -58 52 11 44 -6 -75 74 -13 -8 67 -3 91 79 48
26 -99 -84 100 -73 -2 -85 -26 -50 65 -27 -38 109 96 21 4
119 69 -64 -112 -88 -61 30 -15 -69 26 -75 -69 -126 -49 -74 -26
67 99 33 44 -106 -87 39 54 -43 10 -110 52 -102 16 -44 67
-33 49 55 -63 -125 64 -110 -115 -77 100 -72 110 -68 -126 -93 -90
90 -45 -89 10 2 83 -114 65 -14 99 -83 -73 47 -64 44 -11
-88 51 -15 -111 -13 4 11 -94 -6 26 43 85 126 80 89 74
18 42 -106 -111 -17 11 -11 28 118 -78 77 7 7 -63 -11 91
-68 -83 -116 -108 48 -70 123 124 -57 88 -26 88 83 -114 -73 6
64 -115 -114 2 -57 -44 59 32 84 64 -79 -27 -62 -7 -97 -35
-2 -4 102 -31 -100 -13 -110 126 -120 120 44 106 63 -58 -75 85
78 4 -124 -107 -78 -80 43 97 -10 -40 24 -76 122 -124 114 22
-96 60 -58 39 -124 108 -99 -55 69 -39 -87 -123 -61 87 -22 -63
-10 117 -29 -65 123 -65 -74 108 3 29 26 122 -119 -3 127 16
21 2 -29 -71 90 -55 8 27 7 93 -75 -26 120 94 -28 -65
93 -61 18 -103 -1 5 -23 -11 -107 74 28 -102 -23 -37 -115 91
-44 121 -121 -26 124 -64 -19 -78 82 -48 17 -52 86 126 -4 100
85 51 -85 64 -124 25 -105 127 -64 52 -7 1 -23 86 118 -67
71 -73 -125 -98 110 105 39 -63 104 44 37 -83 -16 -111 -93 -9
10 -96 121 102 -25 -15 39 -96 -75 68 -21 -110 -51 69 41 -35
-32 -5 -95 76 81 19 -26 77 16 -85 123 2 -42 125 -125 83
15 18 8 14 95 -53 -36 30 -85 -95 -84 43 91 124 69 20
106 1 -10 13 95 -99 -102 -53 53 116 108 -63 65 110 -80 -29
-115 -72 -118 87 123 31 92 -122 21 111 57 -43 59 -29 102 -28
-80 -65 -81 27 59 -76 -16 79 -66 82 120 98 24 -128 117 -92
-69 -28 74 121 9 73 89 26 -127 46 4 82 -62 -55 32 14
-62 -124 -102 -65 -29 -4 18 83 -111 65 113 -115 -72 97 -107 -91
11 -17 122 37 -2 -116 121 85 95 120 -88 -10 60 -1 19 108
87 32 -117 31 -70 -115 117 -74 -5 -114 -23 -11 78 72 93 -79
-121 54 -17 -120 69 -21 27 85 106 120 71 86 -110 58 27 -97
45 39 -51 0 -82 -116 -20 -102 -11 116 -79 -72 89 -81 65 -35
75 32 98 80 -97 -32 54 -4 -126 -12 33 -126 -46 -102 110 32
80 87 121 72 23 122 103 27 -53 14 126 119 -53 -112 34 -113
118 95 51 79 -53 61 12 -117 108 11 72 -59 -115 51 -115 32
1 11 41 2 -68 -106 112 11 29 76 -107 -89 -96 88 94 48
-115 33 13 33 -63 -28 -71 82 -111 -127 39 105 23 32 45 69
95 1 -36 11 -70 9 30 -71 26 -50 -27 -31 -62 101 116 25
-21 16 -72 -65 13 23 -61 8 -101 -6 -89 -90 -64 -102 106 90
-85 -113 96 42 104 -50 -77 68 -127 7 47 -46 -126 -85 6 -125
65 -83 -49 -34 -23 -70 88 -24 119 102 45 107 100 121 122 -30
-126 -63 -19 39 6 -84 87 -103 -107 -55 -14 -46 -103 -99 115 -87
-115 -52 46 15 -44 -110 -41 109 24 -84 126 -58 35 -36 6 93
5 -25 -40 125 121 -6 -92 -77 5 -4 -12 36 -101 -97 -83 -35
94 110 41 114 80 -74 -24 13 28 76 89 -91 69 54 -17 93
-73 -124 120 39 10 68 -32 -2 -116 -97 14 0 -72 -126 91 9
-106 31 96 -111 -125 -12 32 59 98 99 124 -36 7 43 85 -112
-8 127 -127 -26 27 3 90 56 -60 -8 -12 17 -118 32 89 -92
-27 101 -107 13 83 -58 102 96 74 -40 -90 -104 11 -10 25 100
62 67 52 -19 -73 50 82 70 52 32 44 79 96 40 -56 73
-96 -17 -26 -73 26 53 -74 86 -38 64 14 -80 -74 126 113 36
-97 -118 42 -69 107 3 46 52 -106 -57 41 -75 55 36 -11 55
55 -109 111 4 88 119 97 37 -37 -19 34 16 53 35 29 25
-8 -5 -102 -87 10 -72 -9 80 31 -51 -98 103 -70 107 2 67
102 -65 -35 -114 -77 58 -85 11 25 -50 66 -126 -3 51 -65 113
-54 -102 -119 32 -82 -89 10 -59 -116 78 79 15 34 45 -47 -105
127 24 -33 -55 58 97 -4 38 108 -42 -64 54 38 -102 117 59
31 116 117 103 110 -37 45 119 90 65 117 -108 127 -38 -29 -13
36 -100 91 16 11 14 -116 -6 7 -12 112 -72 -35 -71 -82 -86
17 79 -90 90 29 92 -4 -52 -22 59 126 8 -117 -59 31 -1
49 73 -85 98 -51 127 -89 -66 -15 -6 -29 -67 -94 99 -71 37
-111 55 -41 46 17 -7 116 -10 22 98 43 -55 -59 -41 54 -120
-77 -23 -73 -78 -25 57 -25 39 -62 -31 -99 -85 121 80 -9 -119
-53 91 -68 -36 -91 -36 -45 -72 -70 4 119 -27 16 -67 -102 -7
9 90 -55 -78 42 -61 -22 -17 84 -1 39 108 -34 -89 -38 -48
85 103 -3 -88 19 -39 -76 -53 51 32 30 87 -41 82 -101 21
6 48 65 113 4 -84 25 -26 -9 -77 77 -113 -122 -114 96 66
-111 -49 17 28 -8 -80 14 54 -43 93 -27 -13 23 45 -69 87
-76 24 -67 113 23 -40 -32 -2 111 -98 -69 76 -22 -39 -6 -1
45 -13 -24 -50 -7 18 -116 47 42 114 -113 -27 87 -33 95 -55
32 -17 -29 -95 -108 10 -37 -107 -65 -97 -69 -90 86 94 -100 -109
95 81 -78 4 116 123 91 36 44 -50 55 -10 46 27 31 -3
-95 12 -38 127 -97 12 -54 89 43 -36 26 102 29 -61 -112 37
13 -79 107 -28 102 -8 -87 35 3 84 84 65 -11 75 92 -31
-65 -44 90 -118 -17 -117 -108 110 76 -75 -81 -93 -24 -88 -76 -27
-74 -75 -24 -21 -5 121 -106 -126 -68 -78 26 107 107 113 -105 119
92 -91 -126 -106 60 7 -81 61 -66 57 25 -74 93 -101 9 -85
1 -1 -83 42 39 -73 47 65 105 56 119 48 -3 63 86 55
-120 -59 -127 34 -62 -41 104 -76 -93 -117 -84 37 -12 88 114 75
3 87 43 -118 -60 114 -79 -90 121 -95 -20 -90 25 -42 83 -123
-98 80 -77 -38 54 107 102 12 -57 -113 123 -127 40 -4 54 -39
-82 -13 30 6 -79 48 64 99 76 -67 -41 -51 -86 87 2 -77
-75 41 -60 -14 23 -15 2 -121 14 73 -61 -10 -9 -109 -80 -121
90 -71 -109 -127 -70 79 12 3 86 123 48 -41 42 -24 105 102
29 -64 92 -22 122 48 -93 16 -108 125 102 63 -55 -78 98 -66
-54 118 4 -36 -60 -94 -29 -16 119 76 -20 -32 77 127 -26 124
-45 102 -54 55 76 23 -70 -94 -63 -94 108 25 93 115 -32 95
80 -53 21 18 115 -38 -42 -107 52 112 -92 -75 66 -26 -56 114
88 -6 23 18 -111 -111 -108 112 -94 54 -9 108 48 -76 11 -29
89 43 -81 -70 -52 53 -86 -88 -61 -10 74 62 -51 -13 73 19
111 3 81 59 112 -54 -36 -121 26 7 88 -30 -61 101 -29 102
-1 6 -48 44 88 61 84 -17 110 -15 -8 109 -11 112 -118 101
-55 -10 -83 -49 -7 103 27 -101 -83 7 32 -2 27 -55 -34 -97
-95 -84 -24 41 -29 -82 -31 -56 41 10 5 -59 91 0 14 -60
-31 58 -122 30 -88 -96 77 -14 -43 109 78 49 -115 112 -8 116
-16 -118 -78 -3 -26 123 114 72 -124 119 100 -113 -81 3 71 -1
101 60 -87 73 127 15 94 -87 -59 107 30 -54 55 -73 55 51
-120 -23 -100 -112 71 -85 -15 -39 55 -21 100 -117 87 -70 89 13
102 110 -25 -98 -27 -76 6 77 -123 52 61 66 -126 -50 44 -97
-39 7 50 20 -128 -84 -11 94 -98 -96 -102 14 -27 49 78 -69
