32 32 32 1024
30 53 55 -110 71 77 -121 89 -88 102 -14 120 30 77 54 104 7 -59 122 61 -102 -70 114 -112 -118 -53 -112 53 6 -8 -36 -66
-81 -3 -88 -120 -85 118 -40 51 -4 -110 -4 93 -26 -47 51 -28 -96 -32 -124 16 42 73 67 96 89 26 -23 4 49 -65 -110 -116
41 -66 -68 -120 -93 -63 0 -111 107 21 23 -38 23 -11 119 -111 0 120 38 35 -110 -118 36 126 -15 -48 -44 101 -116 -61 93 -20
-79 64 53 66 -128 -14 -122 -111 -105 -106 36 -44 -9 -81 -122 -40 -7 3 -104 106 86 -88 -124 -75 111 -128 109 51 -73 67 36 49
88 -58 127 109 110 -43 76 45 92 -104 -26 91 -44 -128 74 -73 -96 -123 1 95 34 -102 -41 118 -80 77 2 115 98 46 36 26
-94 69 35 73 93 -5 19 -28 -96 -40 -33 -39 16 10 56 -64 -128 -48 -104 111 62 96 58 -22 -91 -48 47 22 56 83 88 -113
5 88 -89 -127 93 -103 -90 121 47 -35 -105 -84 -46 -60 11 103 36 -37 -23 -52 -73 81 92 -58 51 124 90 -48 -64 104 -91 -20
-78 -16 119 -45 89 -53 -59 14 -119 42 -52 39 -13 -100 62 42 -71 -124 -20 -45 -22 -32 -20 18 112 4 -74 -20 -25 -17 -112 -17
-100 55 -68 -13 -110 96 55 -70 114 99 -48 17 71 17 -9 52 -127 113 83 -60 36 -39 -124 -72 28 120 17 -44 74 -80 36 83
-124 8 -126 -121 -110 -65 -15 -62 21 19 92 100 101 37 79 97 -97 -84 61 26 19 49 15 119 -31 -44 93 -76 53 93 -49 50
81 18 89 -32 32 34 52 76 -33 93 42 -101 37 88 123 6 53 26 89 65 -16 -56 56 79 -28 71 85 -77 110 33 -116 -18
-68 -90 5 -8 67 -78 108 29 -122 109 -1 -121 73 -48 56 112 106 -48 -18 0 -14 26 -119 3 71 35 -120 60 12 -37 87 3
-1 54 -41 -111 38 -8 43 38 -14 9 -78 -36 -89 -2 65 -114 104 96 29 113 63 -76 -56 -2 119 -127 113 83 56 -21 13 -98
-121 -10 18 125 -53 122 70 -35 9 -63 -35 -32 -75 -115 -128 -84 -115 18 63 124 -48 0 -27 -93 54 -115 15 51 45 -24 33 62
92 -17 -5 24 20 -35 -33 77 -27 -50 -28 -122 -17 76 -85 31 112 -107 -73 61 78 -4 103 -25 11 62 52 -19 -111 44 121 106
24 122 -63 -16 -41 -73 -89 121 54 -56 -91 -83 7 -87 -88 61 25 -21 -128 12 13 67 -66 3 -26 -122 46 -62 -50 -124 -120 -102
-43 13 -86 -7 -72 -104 6 13 67 -110 119 -43 118 -21 -39 55 112 -39 10 -125 126 -82 107 32 -47 -40 -53 -26 67 13 55 -90
-16 101 -32 48 39 -116 111 32 81 50 -105 -7 20 4 -17 -36 67 57 52 -42 -61 -64 -21 126 -32 -14 42 -44 -24 -6 79 45
64 -38 22 -30 -20 125 69 16 87 44 -53 -26 -107 -110 25 49 65 17 89 115 -70 44 55 60 13 71 -23 2 6 95 -35 20
-111 -38 -7 19 71 121 -23 95 70 -14 94 -19 -123 26 -109 99 110 10 -54 67 123 -85 -41 -19 -5 122 -117 -29 -53 65 31 -74
-47 83 -64 78 -82 28 104 -128 -31 117 34 61 89 -62 -125 48 -67 108 -91 -3 -67 -126 -18 -81 -32 -91 -108 30 125 -83 -124 -60
-64 21 -3 107 -88 -112 -52 -5 24 94 -8 -90 6 63 12 94 93 -15 -37 -19 -92 -103 122 26 96 85 38 107 -100 72 80 37
-96 -45 -98 -80 23 77 -7 -32 26 25 101 -29 91 8 19 81 -95 125 -106 90 -102 104 26 83 96 49 50 -14 38 -34 -79 -85
-115 -125 -40 80 -119 35 -69 -66 -28 -111 14 86 67 59 47 -66 -58 98 98 108 51 88 77 42 -27 -82 -106 40 -6 17 -104 23
105 -120 78 1 -17 -128 45 94 -79 -108 104 -94 6 47 18 -46 97 -84 -92 -15 -69 88 59 114 -54 94 -21 -59 72 58 64 -87
105 -19 54 15 -44 64 -41 -9 30 -118 82 -117 48 -33 -105 -61 -95 -78 -96 94 84 -78 -2 31 -90 -37 98 -52 56 -116 -97 -101
-82 -91 -34 -29 -97 106 20 -124 82 29 -40 48 127 -13 -70 111 44 76 85 74 52 127 12 100 4 -41 22 6 67 -86 25 43
77 69 -106 102 -113 11 92 92 100 99 -111 114 -97 -94 124 -105 -30 -99 -40 5 -69 75 -27 17 -113 -62 46 -62 35 -36 2 -19
0 -52 -89 -89 -28 -10 -26 51 84 -71 -83 -84 1 96 11 59 118 -31 -96 -83 63 81 -5 -30 -121 105 7 -126 96 -17 50 50
38 19 19 110 7 83 101 -22 87 15 -10 61 -85 61 33 -6 -98 121 -84 -44 -10 104 126 59 -99 -20 36 -59 72 -118 72 120
81 13 61 -23 -125 -41 87 111 8 0 -109 90 -33 94 115 56 -82 -8 -105 21 19 101 110 -7 43 72 -21 -45 -56 15 -106 24
16 -78 108 69 9 -50 7 3 4 64 60 11 -22 52 8 -111 -40 -21 -32 118 -19 82 30 -56 88 67 -67 -105 -80 48 122 -31
-82 104 113 45 -110 63 28 71 -76 36 99 9 32 -57 -39 -112 -73 43 -13 -54 -96 -48 114 -92 9 72 -77 85 -30 -52 92 -9
13 -124 124 112 -95 7 51 -78 -66 -112 -47 66 -120 -52 70 -21 -87 37 46 26 -96 -20 110 -22 108 -42 -19 -73 -33 -45 -109 50
10 -32 21 19 -94 -23 -62 -125 98 3 -118 -84 -89 -6 38 81 87 -72 40 -2 80 32 -33 -113 80 -49 36 -31 121 108 73 -21
-50 104 33 -106 -63 -39 111 -67 107 63 50 -109 -75 12 -33 67 52 32 24 -25 20 127 127 -20 122 43 -69 6 47 54 70 127
2 -88 -21 -58 62 68 -81 77 95 31 48 26 53 -55 56 -43 -53 69 -14 -45 -73 12 70 44 83 -84 13 -12 88 5 -67 -104
41 -103 -119 55 116 -10 78 -18 -49 -27 35 -124 -88 60 118 -94 84 -69 -36 -94 -27 -11 -98 -49 -88 56 19 64 45 112 -119 16
41 -75 -49 17 -27 -60 49 29 -69 -54 -46 -69 -78 -56 26 1 -44 52 69 109 -127 -105 124 96 -65 85 78 34 -20 -121 -85 -25
-49 -14 -10 -128 57 55 -6 124 -97 95 81 -37 -105 15 11 -16 60 5 -48 -88 -63 -61 -123 -72 73 79 57 23 101 77 -102 121
-23 -60 61 108 -54 -101 -97 9 -109 -122 59 99 -12 -100 -86 -1 -22 79 -48 105 98 -95 -64 16 -95 -83 -96 -114 -95 34 -117 -44
-31 90 63 -14 -112 52 4 33 -88 57 -51 -24 -20 -46 -103 12 93 110 3 10 -42 -99 65 -94 4 -39 23 28 -125 -59 106 14
30 -10 -41 -101 58 -114 -20 36 -100 -48 29 53 -83 66 -95 -71 -24 52 91 -63 39 28 52 89 -14 44 -53 -106 118 -112 -22 -97
85 -61 10 -112 59 -49 -75 82 -21 82 46 -85 114 8 18 107 78 45 9 -93 -31 59 71 -45 -99 16 -85 11 -80 -7 15 -47
-17 -12 92 -125 -1 -117 56 -83 91 71 -114 -42 -30 -67 -101 -34 83 21 -88 -19 32 -59 -104 -16 7 57 49 6 25 -29 -127 -112
-4 -75 -51 65 -63 -101 122 -15 52 115 122 -48 -105 -60 -52 19 -17 -36 33 -99 0 79 81 79 -69 4 91 49 -67 -68 -44 38
77 81 -19 18 109 -120 -61 -65 126 -61 83 73 103 45 67 16 -102 6 -7 -27 98 -32 -101 17 -108 8 94 -117 81 -26 38 2
-73 -6 -7 -21 -100 32 -104 71 -38 39 -9 -98 59 -68 59 50 -87 113 -81 -102 -99 -55 107 84 113 -116 -96 119 68 -96 -45 -3
-116 -77 -114 -68 107 -1 103 -13 1 -101 -79 -6 80 -123 90 -5 50 -113 71 -56 -37 -90 47 4 100 -5 96 -126 -97 -110 58 46
71 -51 -19 23 30 -19 41 -105 -128 86 24 -81 83 55 104 -32 -38 32 33 -54 -121 -51 126 -95 -83 -80 95 -28 -73 -26 60 -124
86 124 -14 -61 36 -78 -12 -50 -95 57 -47 -30 23 -6 87 -26 2 13 -123 111 -68 110 11 55 114 11 -94 -91 9 20 -77 -5
-106 86 24 -37 -28 116 32 -98 -22 61 71 59 111 71 117 -70 -6 16 -122 -40 -98 113 -19 105 -110 -76 -106 19 -128 -95 112 13
-30 48 -80 4 -45 -126 -71 79 96 -68 111 -94 -19 -120 -13 -28 47 -127 105 60 -59 -53 13 -5 -92 1 93 -95 106 84 7 -62
-75 -43 26 2 -21 -40 -33 -13 27 -36 -77 -15 80 -70 -73 83 86 -111 -119 64 48 83 123 66 -96 -70 93 8 -20 4 104 2
91 -100 -75 93 -69 -100 -114 51 -80 123 -36 110 96 115 93 -23 87 14 -113 75 38 -98 99 84 89 80 -28 -116 -72 -8 2 122
47 60 4 23 -27 72 71 100 -111 -27 -125 -63 16 67 35 114 -100 -117 -84 89 -3 -48 35 -100 83 120 125 -43 102 112 -54 -70
21 -48 126 -27 97 39 122 64 -36 1 -69 -46 28 -25 -67 -102 51 -89 -39 79 -48 -56 29 -41 96 -104 101 -117 39 -74 58 -84
111 85 -13 4 39 -23 107 26 84 52 -58 -61 121 -41 109 1 -127 -51 21 50 76 -26 -69 82 113 -67 89 124 11 -104 94 -40
-10 -85 -18 -61 -6 -81 100 -116 -68 21 56 81 -69 -101 59 9 -7 1 113 -36 88 8 -35 -35 30 -53 -128 -77 27 33 -70 19
-12 120 58 18 64 34 -90 30 126 -19 -1 -5 -40 56 81 123 -37 13 -8 76 -40 64 103 106 70 -117 70 -28 60 -68 -6 72
80 33 -19 -101 120 -54 -72 85 -15 -124 83 -55 -78 61 -63 23 -93 -37 61 57 -25 61 5 107 -1 -19 -37 40 -106 15 115 117
59 38 14 -86 77 -22 -33 -27 61 -61 107 -62 -93 110 -17 93 4 -38 37 56 49 -71 -12 -51 60 86 -20 98 -88 110 -9 -9
-3 13 35 -107 115 -29 41 5 -32 -33 78 -54 64 -75 -106 77 -44 25 -96 38 -10 -46 80 94 107 109 -125 125 102 110 80 33
112 127 110 -25 -117 -107 -59 111 27 -12 54 -124 20 -30 -36 -125 -101 -19 -60 88 57 52 -112 101 -75 55 18 -87 -56 120 61 -68
