25 16 18 1024
71 -30 -36 -41 70 -1 82 -39 -1 4 -66 105 -122 -52 -78 6
69 -91 -71 -91 85 -81 -31 -126 102 -46 -110 -98 49 41 0 -31
-93 99 -105 54 81 8 -43 -56 51 30 -126 -32 -95 124 70 96
-4 -97 -113 7 -62 -76 23 -33 119 -82 -84 3 -57 -73 -128 -68
21 102 -5 88 -127 -21 -120 28 -14 65 -74 116 -43 -44 -30 65
66 34 -92 -51 -93 -13 34 61 -53 -38 37 -5 -122 94 -114 60
-1 -60 41 -69 -12 -95 62 55 95 11 81 -25 84 -47 -51 77
-67 19 41 -54 117 61 60 52 -52 -79 -75 39 111 72 62 -118
-123 57 -48 -4 21 71 -34 -5 -122 56 9 17 -116 -48 -27 -123
-103 -49 99 123 59 -52 -65 25 -113 -60 -58 81 53 67 114 43
12 -71 107 -19 48 -12 -125 83 97 8 -69 -112 116 13 121 68
26 111 -74 53 -25 124 75 57 120 107 -69 -58 -44 21 44 -101
-73 -27 77 26 93 77 -12 -45 -45 60 69 12 3 71 48 99
-28 127 -45 -15 33 124 111 29 89 -41 -120 87 4 19 -13 -84
117 39 10 -96 -93 38 -97 31 98 -19 59 117 -89 60 -43 30
75 -63 109 122 70 -127 -32 -59 40 -43 107 -94 40 -114 -69 -75
24 39 -59 -57 -52 73 105 103 -126 -45 10 -84 -41 -109 34 -110
94 -70 -123 114 -66 -22 -9 -117 111 116 -52 -74 58 113 -54 -20
114 -60 83 -32 86 -124 -15 50 87 -100 -32 73 -15 -21 -101 99
-32 125 56 119 52 31 -76 8 74 -30 20 -115 -88 -14 -92 0
-24 -79 83 1 39 95 -27 88 -88 -33 -80 117 -82 85 28 7
103 12 48 -48 99 -69 56 -81 -79 -117 -24 -3 -7 74 125 -113
-53 1 -106 101 22 -10 -4 123 103 -47 -83 -87 47 -124 -92 -119
9 38 58 -40 -9 89 52 -50 113 73 97 91 -72 18 -109 59
24 -42 -124 -107 9 39 24 -30 77 118 98 8 -25 -78 68 99
37 -119 -64 -9 81 115 -69 -118 15 82 -81 68 -71 98 -71 -77 -124 69
35 -83 27 -22 -77 -127 -124 -110 110 34 -112 -61 121 1 -60 87 103 -64
-14 -47 52 -43 -110 -53 -61 54 -34 -33 81 -49 11 71 -59 127 50 30
-69 -70 -28 12 64 50 -114 109 23 108 124 -79 32 -111 81 16 -4 15
-18 121 36 -20 -74 -74 -110 41 93 102 4 -31 114 4 13 -91 -119 -9
32 -58 64 -98 43 84 3 -20 94 -4 -11 -77 -7 -34 -93 -123 -26 -92
-26 119 -14 -36 -11 90 107 -123 -93 45 92 -87 -72 125 82 -67 -46 38
-92 79 73 113 115 -10 -67 118 14 -51 -38 -113 -88 -35 -101 31 -73 31
-98 38 -84 -34 -79 -120 99 20 61 52 -30 -74 -35 -128 89 46 99 -75
108 63 -34 40 -32 -37 32 -60 -18 24 107 13 -57 105 97 103 13 104
12 10 -97 35 25 7 13 -119 -85 -35 -21 92 -33 66 61 -119 -59 122
-69 107 79 -79 -111 88 -30 35 1 55 -114 -78 103 18 6 60 -117 -89
13 -18 -49 -127 60 76 120 92 114 72 88 -84 56 -69 61 -38 -88 106
-121 38 121 -71 -34 -70 88 2 -104 104 93 22 -100 -78 -88 -1 27 -34
43 46 41 20 22 -11 122 109 -103 -120 65 -124 -74 71 43 123 65 54
-38 38 -17 120 114 -10 85 -98 37 -65 -89 -16 -42 -47 -113 -63 -34 85
